C:\Users\ssarcandy\Documents\GitHub\panoramas-image-stitching\input_image\parrington\prtn01.jpg
384 512

1 0 255.5 
0 1 191.5 
0 0 1 

0.999743 0.0177755 0.0140283 
-0.0177738 0.999842 -0.000249541 
-0.0140305 -2.96402e-008 0.999901 

706.469

C:\Users\ssarcandy\Documents\GitHub\panoramas-image-stitching\input_image\parrington\prtn02.jpg
384 512

1 0 255.5 
0 1 191.5 
0 0 1 

0.999739 0.0125568 0.0190934 
-0.0183017 0.940279 0.339913 
-0.0136849 -0.340174 0.940263 

706.038

C:\Users\ssarcandy\Documents\GitHub\panoramas-image-stitching\input_image\parrington\prtn03.jpg
384 512

1 0 255.5 
0 1 191.5 
0 0 1 

0.999754 0.0047948 0.0216509 
-0.0174794 0.771213 0.636337 
-0.0136463 -0.636559 0.771107 

706.833

C:\Users\ssarcandy\Documents\GitHub\panoramas-image-stitching\input_image\parrington\prtn04.jpg
384 512

1 0 255.5 
0 1 191.5 
0 0 1 

0.999772 -0.00329792 0.0211093 
-0.0166016 0.502002 0.864707 
-0.0134487 -0.86486 0.501833 

706.808

C:\Users\ssarcandy\Documents\GitHub\panoramas-image-stitching\input_image\parrington\prtn05.jpg
384 512

1 0 255.5 
0 1 191.5 
0 0 1 

0.999764 -0.0107146 0.0188852 
-0.0166196 0.1821 0.98314 
-0.013973 -0.983222 0.181879 

705.696

C:\Users\ssarcandy\Documents\GitHub\panoramas-image-stitching\input_image\parrington\prtn06.jpg
384 512

1 0 255.5 
0 1 191.5 
0 0 1 

0.999739 -0.0167935 0.0154589 
-0.0181366 -0.173245 0.984712 
-0.0138586 -0.984735 -0.173504 

705.358

C:\Users\ssarcandy\Documents\GitHub\panoramas-image-stitching\input_image\parrington\prtn07.jpg
384 512

1 0 255.5 
0 1 191.5 
0 0 1 

0.999756 -0.0203695 0.00853718 
-0.017509 -0.495355 0.868514 
-0.0134622 -0.868452 -0.495591 

704.723

C:\Users\ssarcandy\Documents\GitHub\panoramas-image-stitching\input_image\parrington\prtn08.jpg
384 512

1 0 255.5 
0 1 191.5 
0 0 1 

0.999765 -0.021667 0.000442477 
-0.016862 -0.764898 0.643931 
-0.0136136 -0.643787 -0.765083 

703.822

C:\Users\ssarcandy\Documents\GitHub\panoramas-image-stitching\input_image\parrington\prtn09.jpg
384 512

1 0 255.5 
0 1 191.5 
0 0 1 

0.999734 -0.0222154 -0.0060973 
-0.0187799 -0.939217 0.342811 
-0.0133423 -0.342606 -0.939385 

704.344

C:\Users\ssarcandy\Documents\GitHub\panoramas-image-stitching\input_image\parrington\prtn10.jpg
384 512

1 0 255.5 
0 1 191.5 
0 0 1 

0.999715 -0.0202222 -0.0126994 
-0.0201267 -0.999768 0.00760757 
-0.0128503 -0.00734959 -0.99989 

704.697

C:\Users\ssarcandy\Documents\GitHub\panoramas-image-stitching\input_image\parrington\prtn11.jpg
384 512

1 0 255.5 
0 1 191.5 
0 0 1 

0.999826 -0.00851104 -0.0166011 
-0.0136779 -0.939575 -0.342069 
-0.0126866 0.342237 -0.939528 

703.769

C:\Users\ssarcandy\Documents\GitHub\panoramas-image-stitching\input_image\parrington\prtn12.jpg
384 512

1 0 255.5 
0 1 191.5 
0 0 1 

0.999781 -0.00351665 -0.0206224 
-0.0159759 -0.764768 -0.644108 
-0.0135063 0.644296 -0.764656 

704.176

C:\Users\ssarcandy\Documents\GitHub\panoramas-image-stitching\input_image\parrington\prtn13.jpg
384 512

1 0 255.5 
0 1 191.5 
0 0 1 

0.999774 0.00388351 -0.0208954 
-0.0160898 -0.504054 -0.863522 
-0.013886 0.863663 -0.503878 

704.648

C:\Users\ssarcandy\Documents\GitHub\panoramas-image-stitching\input_image\parrington\prtn14.jpg
384 512

1 0 255.5 
0 1 191.5 
0 0 1 

0.999728 0.0106655 -0.0207542 
-0.0186136 -0.171878 -0.984942 
-0.0140721 0.98506 -0.171632 

704.783

C:\Users\ssarcandy\Documents\GitHub\panoramas-image-stitching\input_image\parrington\prtn15.jpg
384 512

1 0 255.5 
0 1 191.5 
0 0 1 

0.999731 0.0165118 -0.016251 
-0.0188868 0.174627 -0.984453 
-0.0134172 0.984496 0.174892 

704.471

C:\Users\ssarcandy\Documents\GitHub\panoramas-image-stitching\input_image\parrington\prtn16.jpg
384 512

1 0 255.5 
0 1 191.5 
0 0 1 

0.999729 0.0208748 -0.0102817 
-0.0192991 0.496958 -0.86756 
-0.0130006 0.867523 0.497227 

705.068

C:\Users\ssarcandy\Documents\GitHub\panoramas-image-stitching\input_image\parrington\prtn17.jpg
384 512

1 0 255.5 
0 1 191.5 
0 0 1 

0.999755 0.0220637 -0.00193894 
-0.0182358 0.77029 -0.637433 
-0.0125706 0.637312 0.770503 

705.544

C:\Users\ssarcandy\Documents\GitHub\panoramas-image-stitching\input_image\parrington\prtn00.jpg
384 512

1 0 255.5 
0 1 191.5 
0 0 1 

0.999829 0.0166193 0.00806302 
-0.0128697 0.939853 -0.341337 
-0.0132509 0.341175 0.939906 

704.968

