D:\courses\vfx\2005Spring\projects\proj#2\test_data\parrington\prtn00.jpg
384 512

1 0 255.5 
0 1 191.5 
0 0 1 

0.999837 0.0125485 0.0129957 
-0.0125474 0.999921 -0.000163239 
-0.0129968 1.77461e-008 0.999916 

704.916

D:\courses\vfx\2005Spring\projects\proj#2\test_data\parrington\prtn01.jpg
384 512

1 0 255.5 
0 1 191.5 
0 0 1 

0.999751 0.0116409 0.019017 
-0.0174296 0.939922 0.340943 
-0.0139056 -0.34119 0.939892 

706.286

D:\courses\vfx\2005Spring\projects\proj#2\test_data\parrington\prtn02.jpg
384 512

1 0 255.5 
0 1 191.5 
0 0 1 

0.999738 0.00542292 0.0222183 
-0.0183971 0.76783 0.640389 
-0.0135871 -0.64063 0.767729 

705.849

D:\courses\vfx\2005Spring\projects\proj#2\test_data\parrington\prtn03.jpg
384 512

1 0 255.5 
0 1 191.5 
0 0 1 

0.999754 -0.00270263 0.0220286 
-0.0176068 0.507692 0.861359 
-0.0135117 -0.861534 0.50752 

706.645

D:\courses\vfx\2005Spring\projects\proj#2\test_data\parrington\prtn04.jpg
384 512

1 0 255.5 
0 1 191.5 
0 0 1 

0.999773 -0.0101374 0.0187398 
-0.0166562 0.176595 0.984143 
-0.013286 -0.984231 0.176386 

706.587

D:\courses\vfx\2005Spring\projects\proj#2\test_data\parrington\prtn05.jpg
384 512

1 0 255.5 
0 1 191.5 
0 0 1 

0.999768 -0.0163314 0.0140616 
-0.0165597 -0.164592 0.986223 
-0.013792 -0.986227 -0.164824 

705.645

D:\courses\vfx\2005Spring\projects\proj#2\test_data\parrington\prtn06.jpg
384 512

1 0 255.5 
0 1 191.5 
0 0 1 

0.999739 -0.0209713 0.00907201 
-0.0183294 -0.49899 0.866414 
-0.013643 -0.866354 -0.499244 

705.327

D:\courses\vfx\2005Spring\projects\proj#2\test_data\parrington\prtn07.jpg
384 512

1 0 255.5 
0 1 191.5 
0 0 1 

0.999759 -0.0219182 0.00128269 
-0.0175386 -0.762117 0.647201 
-0.0132079 -0.647068 -0.762318 

704.696

D:\courses\vfx\2005Spring\projects\proj#2\test_data\parrington\prtn08.jpg
384 512

1 0 255.5 
0 1 191.5 
0 0 1 

0.999769 -0.0204025 -0.00675267 
-0.0168341 -0.93879 0.344078 
-0.0133594 -0.343885 -0.938917 

703.794

D:\courses\vfx\2005Spring\projects\proj#2\test_data\parrington\prtn09.jpg
384 512

1 0 255.5 
0 1 191.5 
0 0 1 

0.999739 -0.0187396 -0.0130737 
-0.0187212 -0.999824 0.00152596 
-0.0131 -0.00128114 -0.999913 

704.325

D:\courses\vfx\2005Spring\projects\proj#2\test_data\parrington\prtn10.jpg
384 512

1 0 255.5 
0 1 191.5 
0 0 1 

0.999719 -0.014691 -0.0186098 
-0.0200683 -0.942286 -0.334207 
-0.012626 0.334486 -0.942316 

704.696

D:\courses\vfx\2005Spring\projects\proj#2\test_data\parrington\prtn11.jpg
384 512

1 0 255.5 
0 1 191.5 
0 0 1 

0.999829 -0.00243201 -0.0183121 
-0.0136276 -0.766347 -0.642282 
-0.0124714 0.642422 -0.76625 

703.895

D:\courses\vfx\2005Spring\projects\proj#2\test_data\parrington\prtn12.jpg
384 512

1 0 255.5 
0 1 191.5 
0 0 1 

0.999788 0.00373152 -0.0202601 
-0.0156962 -0.498976 -0.866474 
-0.0133426 0.866608 -0.498811 

704.289

D:\courses\vfx\2005Spring\projects\proj#2\test_data\parrington\prtn13.jpg
384 512

1 0 255.5 
0 1 191.5 
0 0 1 

0.999776 0.0107062 -0.0182412 
-0.0160308 -0.179035 -0.983712 
-0.0137976 0.983785 -0.178823 

704.676

D:\courses\vfx\2005Spring\projects\proj#2\test_data\parrington\prtn14.jpg
384 512

1 0 255.5 
0 1 191.5 
0 0 1 

0.999724 0.0170425 -0.0161519 
-0.0188807 0.174525 -0.984472 
-0.013959 0.984505 0.174799 

704.847

D:\courses\vfx\2005Spring\projects\proj#2\test_data\parrington\prtn15.jpg
384 512

1 0 255.5 
0 1 191.5 
0 0 1 

0.99973 0.0209993 -0.00992217 
-0.0190962 0.50004 -0.865792 
-0.0132196 0.865748 0.500306 

704.537

D:\courses\vfx\2005Spring\projects\proj#2\test_data\parrington\prtn16.jpg
384 512

1 0 255.5 
0 1 191.5 
0 0 1 

0.999729 0.0230953 -0.00284565 
-0.0194683 0.763135 -0.645945 
-0.0127467 0.645826 0.763379 

705.102

D:\courses\vfx\2005Spring\projects\proj#2\test_data\parrington\prtn17.jpg
384 512

1 0 255.5 
0 1 191.5 
0 0 1 

0.999758 0.0213145 0.00543071 
-0.0182463 0.941549 -0.336383 
-0.0122831 0.336202 0.94171 

705.576

